# This file may be used to create an environment using:
# $ conda create --name <env> --file <this file>
# platform: win-64
appdirs=1.4.4=pypi_0
bzip2=1.0.8=h2466b09_7
ca-certificates=2024.8.30=h56e8100_0
cfclient=2024.10=pypi_0
cflib=0.1.27=pypi_0
freetype-py=2.5.1=pypi_0
hsluv=5.0.4=pypi_0
importlib-resources=6.4.5=pypi_0
intel-openmp=2024.2.1=h57928b3_1083
kiwisolver=1.4.7=pypi_0
libblas=3.9.0=25_win64_mkl
libcblas=3.9.0=25_win64_mkl
libexpat=2.6.3=he0c23c2_0
libffi=3.4.2=h8ffe710_5
libhwloc=2.11.1=default_h8125262_1000
libiconv=1.17=hcfcfb64_2
liblapack=3.9.0=25_win64_mkl
libmpdec=4.0.0=h2466b09_0
libosqp=0.6.3=he0c23c2_1
libqdldl=0.1.7=h63175ca_0
libsqlite=3.47.0=h2466b09_1
libusb-package=1.0.26.2=pypi_0
libxml2=2.13.4=h442d1da_2
libzlib=1.3.1=h2466b09_2
mkl=2024.2.2=h66d3029_14
numpy=1.26.4=pypi_0
openssl=3.3.2=h2466b09_0
osqp=0.6.7.post3=py310hb4db72f_1
packaging=24.1=pypi_0
pip=24.3.1=pyh8b19718_0
pthreads-win32=2.9.1=h2466b09_4
pyopengl=3.1.7=pypi_0
pyqt6=6.7.1=pypi_0
pyqt6-qt6=6.7.3=pypi_0
pyqt6-sip=13.8.0=pypi_0
pyqtgraph=0.13.7=pypi_0
pysdl2=0.9.16=pypi_0
pysdl2-dll=2.24.0=pypi_0
pyserial=3.5=pypi_0
python=3.10.15=hfaddaf0_2_cpython
python_abi=3.10=5_cp310
pyusb=1.2.1=pypi_0
pyyaml=6.0.2=pypi_0
pyzmq=26.2.0=pypi_0
qdldl-python=0.1.7.post4=py310hb4db72f_1
scipy=1.14.1=py310hbd0dde3_1
setuptools=75.3.0=pyhd8ed1ab_0
tbb=2021.13.0=hc790b64_0
tk=8.6.13=h5226925_1
tzdata=2024b=hc8b5060_0
ucrt=10.0.22621.0=h57928b3_1
vc=14.3=h8a93ad2_22
vc14_runtime=14.40.33810=hcc2c482_22
vispy=0.14.3=pypi_0
vs2015_runtime=14.40.33810=h3bf8584_22
wheel=0.44.0=pyhd8ed1ab_0
xz=5.2.6=h8d14728_0
